vertex 
-0.5 -0.5 -0.5
0.5 -0.5 -0.5
0.5 -0.5 0.5
-0.5 -0.5 0.5
-0.5 0.5 -0.5
0.5 0.5 -0.5
0.5 0.5 0.5
-0.5 0.5 0.5
-0.5 0.5 -0.2
0.5 0.5 -0.2
0.5 0.5 0.2
-0.5 0.5 0.2
-0.5 2.5 -0.2
0.5 2.5 -0.2
0.5 2.5 0.2
-0.5 2.5 0.2
-0.5 2.5 -0.6
0 2.5 -0.6
0 2.5 -0.2
-0.5 2.5 -0.2
-0.5 3 -0.6
0 3 -0.6
0 3 -0.2
-0.5 3 -0.2
0 2.5 -0.6
0.5 2.5 -0.6
0.5 2.5 -0.2
0 2.5 -0.2
0 3 -0.6
0.5 3 -0.6
0.5 3 -0.2
0 3 -0.2
-0.5 2.5 0.6
0 2.5 0.6
0 2.5 0.2
-0.5 2.5 0.2
-0.5 3 0.6
0 3 0.6
0 3 0.2
-0.5 3 0.2
0 2.5 0.6
0.5 2.5 0.6
0.5 2.5 0.2
0 2.5 0.2
0 3 0.6
0.5 3 0.6
0.5 3 0.2
0 3 0.2

vertice
0 1
1 2
2 3
0 3
4 5
5 6
6 7
7 4
0 4
1 5
2 6
3 7
8 9
9 10
10 11
11 8
12 13
13 14
14 15
15 12
8 12
9 13
10 14
11 15
16 17
17 18
18 19
19 16
20 21
21 22
22 23
23 20
16 20
17 21
18 22
19 23
24 25
25 26
26 27
27 24
28 29
29 30
30 31
31 28
24 28
25 29
26 30
27 31
32 33
33 34
34 35
35 32
36 37
37 38
38 39
39 36
32 36
33 37
34 38
35 39
40 41
41 42
42 43
43 40
44 45
45 46
46 47
47 44
40 44
41 45
42 46
43 47

face
0 1 2 3 #00ff00
0 1 5 4 #00ff00
1 2 6 5 #00ff00
2 3 7 6 #00ff00
3 0 4 7 #00ff00
4 5 6 7 #00ff00
8 9 10 11 #00ff00
8 9 13 12 #00ff00
9 10 14 13 #00ff00
10 11 15 14 #00ff00
11 8 12 15 #00ff00
12 13 14 15 #00ff00
16 17 18 19 #00ff00
16 17 21 20 #00ff00
17 18 22 21 #00ff00
18 19 23 22 #00ff00
19 16 20 23 #00ff00
20 21 22 23 #00ff00
24 25 26 27 #00ff00
24 25 29 28 #00ff00
25 26 30 29 #00ff00
26 27 31 30 #00ff00
27 24 28 31 #00ff00
28 29 30 31 #00ff00
32 33 34 35 #00ff00
32 33 37 36 #00ff00
33 34 38 37 #00ff00
34 35 39 38 #00ff00
35 32 36 39 #00ff00
36 37 38 39 #00ff00
40 41 42 43 #00ff00
40 41 45 44 #00ff00
41 42 46 45 #00ff00
42 43 47 46 #00ff00
43 40 44 47 #00ff00
44 45 46 47 #00ff00